$ANSIBLE_VAULT;1.1;AES256
34366565653566643532666139663635383034626366306637643234363339336535343339393936
6662346331366162663931633862646561343462333331390a353539346235306364636362643431
64663563663164313632383738643464646539396439356630346432346439636234323838326330
6665663539323061610a386364636638616237343637376139653639643237656236346266626266
63653232303238333633343335316336363932666262633531373434343835323637623664316437
63353136303431373831326438616334386232316164363662326333313261393330393836323164
31646532333235313963353339383938623931303535636137663566636335306430303636663462
35353462663061393231303039356364386262626332643762633963323234636337643134326332
32633138396261393962663431313561643731323066393335306366326164663566613931373565
34666461646530613362613034373539386635613635353062343136316239383934616133663530
62623262336234343638386262626632663937633238306236663364666164613232333136663939
37613763656535663733613635366139303465306338643961386531363330363561373837626165
63613939343764633430636535306133376338346238346435336663666632373465376238366433
61636236666261306238393738656437336135353230616238316634303364386139643332353861
63313663383166633730376462653665353665326366383864663939666465353739613266346664
63336534643039636637383836383466633835623033353230333631623434316137396435663831
65333335336363376438653032616435306466653734363136386461316133363436623332633239
31343066633435363237623535653138653565303663313761643336313834626432643461363239
30373366346637396437613035666666373038353539396461643863626639383737663261613562
37633233663362636631656365626437323233306633393335386332653964356133653038396533
34343466613631333765303562376665313434316331653365613964646365623066643431626530
36643233623734663765643738363766386263363561666339303964663731646338353630383461
65353165633266616461376335313438613464616637656531343334306465323932393934323638
35623731343035653834393061383766323631623465666265626231303133363362626530383239
31346533353564303361336434303939323739303765643437323534306464653562643238386639
34336361383261373631346235316235346236363565313862343465306334343536666166393262
35646233626561313933663833366362323662383333666237353537383034373837373430396162
35393138366363353462313032316535306163626263313032353233366235386465643736646662
32346661393934343736663539343064646638353637303333626463303435353565356663653164
30643533336234393862616431643337613063326538303965626633306638336663346431623266
61373064303134336364663764363530323566323539656666336264373365336134356134356334
35366562663538326632316666366566383362346263303764626638383034663734343939303365
64333565363035643335323739666536653335333138316564396265313339656261363064373335
62636164623131313131343637353265613039323961323538663631366666393835303134633131
38336363356461333766373130363263313666313037626163336238373136613461623437376639
38636164393533323566333838316562333432396533373630663163373237393163376333663534
34313333663232616262306332316563353734383539323565633036383032333535326637663939
3034393463373038643232373165346530303736656631303838
